253 170 5 115
224 147 43 204
39 240 46 176
95 105 37 246
124 226 191 98
109 134 64 255
178 35 248 94
28 83 30 84
251 197 13 113
168 142 115 23
168 223 90 17
246 178 121 243
66 17 147 135
162 170 43 226
178 49 118 29
34 152 122 170
2 142 242 23
130 72 102 49
149 143 54 128
39 105 163 11
210 171 35 155
158 68 92 61
54 97 113 85
177 165 66 247
167 132 34 206
223 149 160 95
169 20 175 249
35 59 215 86
67 192 237 170
35 248 198 124
16 134 121 185
182 116 92 234
225 148 50 13
66 188 200 184
25 49 249 145
224 48 180 230
70 190 178 75
90 171 224 75
228 117 68 179
80 249 94 144
196 212 15 184
99 121 11 156
176 156 77 225
164 133 132 132
17 207 132 132
64 148 102 40
175 51 149 133
142 3 89 149
237 168 158 182
249 3 120 234
128 120 118 255
111 75 27 62
80 107 129 19
95 195 15 58
42 181 10 26
130 251 13 79
150 13 67 194
84 68 206 174
237 171 102 59
179 198 255 182
56 162 98 86
199 239 249 136
64 11 94 35
68 149 168 255
25 136 89 6
91 51 154 108
228 27 79 84
192 64 79 249
219 129 213 241
212 123 138 23
92 198 112 159
92 222 65 162
248 19 49 116
55 181 135 123
6 100 97 232
101 78 202 76
71 225 173 14
238 15 222 115
225 112 22 82
205 243 106 239
74 40 214 188
107 83 67 37
255 191 21 18
158 119 135 86
74 195 175 197
191 75 17 9
135 246 100 28
66 124 33 211
52 26 150 181
228 16 95 63
97 11 202 41
162 133 170 41
84 33 34 243
41 125 224 234
162 139 89 165
156 13 19 216
188 221 183 170
200 52 156 39
187 236 113 81
107 61 239 176
67 111 230 144
