147 201 86
84 17 217
230 51 239
38 62 200
72 161 57
58 254 66
98 98 176
255 53 233
245 104 247
82 38 141
171 75 72
149 69 73
211 73 179
73 190 165
106 13 166
123 229 6
73 117 120
117 169 112
65 234 158
173 15 188
4 223 201
10 189 101
207 38 222
90 251 118
229 248 226
0 73 193
238 187 247
208 188 165
124 86 232
233 60 173
89 3 154
169 92 154
247 224 46
163 232 169
38 185 156
144 109 148
254 100 244
1 232 12
149 9 82
248 174 40
106 192 12
163 148 176
17 35 164
115 209 62
118 123 250
23 250 153
196 43 249
164 104 95
32 108 55
72 128 26
81 207 137
12 46 0
146 153 116
216 223 148
244 46 93
180 86 180
181 240 155
166 144 80
52 237 40
30 91 173
145 69 131
100 147 105
60 220 199
59 116 68
200 29 165
66 152 28
198 31 187
175 252 231
200 254 22
253 60 176
225 1 167
99 218 241
102 107 120
125 118 199
62 65 66
12 212 166
52 245 64
14 46 189
48 159 76
31 18 254
156 77 224
88 95 64
225 123 65
161 138 40
84 39 253
212 42 92
102 239 139
136 132 108
106 33 39
53 162 214
210 217 208
219 85 80
222 48 122
155 178 105
94 194 63
57 98 131
207 201 243
158 43 166
227 115 84
196 57 142
27 54 192
