9 19 33 67 248 157
122 141 158 228 93 97
122 6 97 80 220 196
14 173 191 164 190 56
6 230 87 12 145 124
148 21 85 46 97 24
148 243 73 110 36 83
231 119 96 9 48 104
243 225 16 155 124 232
74 238 112 3 36 216
58 91 97 168 1 179
143 89 9 229 0 219
252 163 157 17 161 170
160 242 234 128 151 202
161 29 15 222 71 189
151 232 169 165 136 227
151 162 134 145 202 54
133 136 231 119 226 201
22 244 143 75 168 33
232 152 85 210 193 8
197 238 194 126 10 112
2 136 118 143 160 75
12 228 131 148 166 186
251 241 211 241 182 188
79 255 48 41 115 82
154 231 86 225 140 160
186 98 126 225 221 4
44 99 24 105 94 157
195 47 67 52 104 54
133 133 0 63 214 181
98 150 11 43 8 243
149 56 51 53 104 231
184 231 59 106 63 203
59 108 65 125 8 96
250 19 187 77 87 46
123 230 225 157 9 142
243 36 19 143 130 179
7 250 125 128 79 203
114 81 249 204 123 5
125 18 79 239 34 31
49 243 52 46 3 212
158 218 79 173 159 217
199 78 150 90 251 18
239 213 12 90 65 93
246 217 218 215 110 124
113 115 28 133 135 174
94 25 55 91 169 142
62 32 138 43 67 154
231 201 57 41 26 173
158 148 5 66 224 226
23 0 201 139 143 242
127 183 84 17 50 79
65 102 204 159 133 36
159 197 194 12 86 17
55 191 227 254 176 186
122 63 151 172 163 144
230 110 136 249 88 206
166 47 203 64 192 175
43 11 213 48 29 84
107 11 137 1 132 144
210 171 58 165 18 143
163 233 216 167 63 85
63 73 134 144 191 182
190 208 130 50 143 10
91 231 95 135 7 43
248 238 204 11 193 156
146 71 75 255 242 96
207 109 90 66 121 66
192 86 246 252 229 65
211 59 148 22 113 51
73 176 239 46 131 134
75 114 95 80 208 184
141 129 33 174 196 123
1 190 93 42 103 240
7 227 14 18 41 239
25 11 130 97 105 183
253 57 231 7 236 39
172 143 84 45 135 217
86 132 132 45 33 191
18 93 156 125 236 137
115 241 225 180 66 93
59 9 223 144 106 144
6 166 42 127 245 209
138 89 210 94 170 169
20 139 82 122 31 30
54 120 203 240 116 25
60 159 129 166 237 237
255 112 201 177 232 4
172 165 217 141 82 133
59 136 138 243 238 91
138 241 142 107 243 115
35 7 31 88 4 108
158 36 13 123 18 216
150 6 100 222 151 135
128 196 121 11 1 31
52 231 136 132 50 109
229 93 137 218 128 140
222 137 190 104 178 0
174 247 113 140 223 172
188 150 221 92 151 246
18 167 12 102 111 3
